0.024569282
0.024457091
0.024380734
0.024256377
0.02395264
0.0227726
0.015656214
0.007316818
0.006499535
0.006230964
0.0060416665
0.0058663697
0.0057014604
0.0055494024
0.0054115
0.00528786
0.0051776865
0.0050796904
0.0049923616
0.0049142526
0.0048440597
0.004780694
0.0047232257
0.0046708975
0.0046230727
0.0045792037
0.004538824
0.004501543
0.0044670203
0.004434952
0.0044050985
0.004377231
0.0043511745
0.0043267556
0.0043038405
0.004282296
0.0042620143
0.0042428994
0.0042248634
0.004207829
0.00419172
0.004176473
0.004162034
0.0041483454
0.0041353526
0.004123021
0.0041113026
0.0041001476
0.004089539
0.00407943
0.0040698014
0.0040606125
0.0040518437
0.0040434757
0.004035472
0.0040278235
0.0040205023
0.004013498
0.0040067877
0.004000361
0.003994198
0.003988291
0.00398262
0.003977175
0.0039719455
0.0039669247
0.003962102
0.003957457
0.0039529945
0.003948699
0.0039445646
0.0039405846
0.003936749
0.0039330493
0.0039294874
0.00392605
0.0039227293
0.003919526
0.003916435
0.003913445
0.0039105616
0.003907771
0.003905068
0.0039024549
0.003899926
0.0038974746
0.0038951016
0.0038928033
0.00389057
0.0038884066
0.0038863074
0.0038842696
0.0038822892
0.003880366
0.00387849
0.0038766735
0.0038749021
0.003873175
0.0038715024
0.003869866
0.0038682718
0.0038667175
0.003865202
0.0038637237
0.003862275
0.0038608627
0.0038594825
0.0038581372
0.0038568175
0.0038555246
0.0038542636
0.0038530233
0.0038518086
0.003850624
0.0038494556
0.0038483131
0.0038471885
0.0038460866
0.0038450002
0.0038439375
0.0038428942
0.0038418628
0.0038408549
0.0038398548
0.0038388716
0.003837906
0.0038369538
0.0038360124
0.003835087
0.0038341733
0.003833274
0.0038323852
0.0038315055
0.0038306324
0.0038297784
0.0038289288
0.0038280915
0.003827261
0.003826437
0.0038256254
0.0038248207
0.0038240256
0.0038232359
0.0038224575
0.00382168
0.0038209122
0.0038201527
0.0038193967
0.0038186472
0.0038179057
0.0038171634
0.0038164367
0.0038157061
0.0038149885
0.0038142663
0.0038135585
0.003812847
0.0038121452
0.0038114463
0.0038107517
0.0038100544
0.0038093706
0.0038086863
0.0038080078
0.0038073345
0.0038066593
0.0038059882
0.0038053226
0.0038046618
0.003803999
0.0038033382
0.0038026827
0.003802032
0.0038013824
0.0038007367
0.003800094
0.0037994501
0.0037988124
0.0037981777
0.0037975404
0.0037969083
0.0037962801
0.0037956545
0.0037950268
0.0037944042
0.003793781
0.0037931635
0.0037925455
0.003791932
0.0037913157
0.0037907057
0.003790091
0.0037894864
0.0037888791
0.0037882759
0.0037876733
0.0037870724
0.003786474
0.0037858752
0.0037852784
0.0037846838
0.003784092
0.0037835003
0.0037829108
0.0037823236
0.003781736
0.0037811503
0.0037805655
0.003779983
0.0037794034
0.0037788188
0.003778242
0.0037776635
0.0037770858
0.0037765142
0.0037759412
0.0037753691
0.0037747978
0.0037742285
0.0037736595
0.0037730928
0.0037725272
0.003771963
0.0037714022
0.0037708404
0.0037702792
0.0037697183
0.0037691572
0.0037686012
0.0037680434
0.0037674904
0.0037669356
0.0037663826
0.0037658296
0.0037652776
0.0037647274
0.0037641798
0.0037636317
0.003763084
0.0037625395
0.0037619914
0.0037614438
0.003760904
0.003760357
0.003759816
0.0037592754
0.0037587355
0.0037581942
0.0037576584
0.003757117
0.0037565806
0.0037560463
0.0037555108
0.0037549736
0.0037544372
0.0037539075
0.003753375
0.0037528411
0.0037523073
0.003751777
0.0037512442
0.0037507177
0.0037501848
0.0037496565
0.0037491266
0.0037486013
0.0037480718
0.0037475438
0.0037470176
0.003746491
0.0037459624
0.0037454353
0.0037449098
0.003744385
0.0037438618
0.0037433347
0.0037428075
0.0037422848
0.0037417603
0.0037412355
0.0037407083
0.0037401882
0.0037396634
0.0037391358
0.0037386147
0.0037380904
0.0037375689
0.0037370422
0.0037365183
0.0037359924
0.0037354715
0.0037349435
0.0037344203
0.0037338946
0.0037333705
0.0037328457
0.0037323204
0.0037317902
0.003731265
0.0037307404
0.0037302151
0.003729683
0.0037291592
0.0037286314
0.0037280999
0.0037275734
0.0037270428
0.003726509
0.0037259813
0.00372545
0.0037249152
0.0037243853
0.0037238551
0.0037233161
0.0037227808
0.0037222474
0.003721712
0.0037211734
0.0037206374
0.0037200956
0.0037195582
0.0037190167
0.003718474
0.0037179335
0.003717389
0.0037168458
0.003716299
0.0037157524
0.0037152055
0.0037146574
0.0037141063
0.0037135547
0.0037130015
0.0037124464
0.0037118904
0.0037113323
0.0037107747
0.0037102192
0.0037096594
0.0037090953
0.0037085332
0.0037079665
0.0037073998
0.0037068322
0.00370626
0.003705689
0.003705117
0.0037045423
0.0037039677
0.003703389
0.0037028114
0.0037022275
0.0037016463
0.003701061
0.0037004717
0.0036998847
0.0036992973
0.0036986992
0.003698107
0.0036975115
0.003696914
0.0036963092
0.003695711
0.0036951061
0.003694492
0.0036938875
0.0036932805
0.003692664
0.0036920505
0.0036914323
0.0036908123
0.003690195
0.0036895715
0.0036889433
0.0036883173
0.0036876858
0.0036870532
0.00368642
0.0036857831
0.0036851442
0.0036845023
0.0036838586
0.0036832138
0.0036825694
0.0036819184
0.0036812674
0.0036806108
0.0036799575
0.003679301
0.0036786431
0.0036779803
0.003677319
0.00367665
0.0036759826
0.003675315
0.0036746461
0.003673973
0.0036733
0.0036726228
0.0036719444
0.0036712654
0.0036705867
0.0036699057
0.0036692228
0.003668534
0.0036678498
0.0036671616
0.0036664763
0.003665787
0.0036650975
0.0036644079
0.0036637157
0.0036630235
0.003662331
0.0036616353
0.0036609424
0.0036602505
0.0036595552
0.0036588607
0.0036581638
0.003657472
0.0036567778
0.0036560819
0.0036553876
0.0036546967
0.0036539992
0.0036533058
0.0036526138
0.003651927
0.003651233
0.0036505407
0.0036498527
0.0036491638
0.0036484783
0.0036477898
0.0036471032
0.0036464229
0.003645742
0.0036450576
0.0036443803
0.0036437016
0.0036430256
0.0036423511
0.0036416803
0.0036410093
0.003640341
0.003639672
0.0036390088
0.0036383423
0.0036376866
0.0036370263
0.003636369
0.003635715
0.003635067
0.0036344174
0.0036337697
0.0036331296
0.0036324835
0.003631843
0.0036312093
0.0036305755
0.0036299434
0.0036293138
0.0036286856
0.0036280637
0.0036274425
0.0036268265
0.0036262083
0.0036255978
0.003624989
0.0036243827
0.0036237766
0.0036231764
0.0036225803
0.0036219838
0.0036213917
0.0036208006
0.0036202166
0.0036196292
0.0036190525
0.0036184737
0.0036179
0.0036173249
0.0036167565
0.0036161917
0.0036156322
0.0036150704
0.0036145118
0.0036139612
0.0036134084
0.0036128634
0.0036123188
0.0036117744
0.0036112352
0.0036106994
0.0036101658
0.003609635
0.003609108
0.0036085844
0.0036080643
