1725.5521 3313.2212
3756.6206 4968.36
2721.3208 4823.8335
10797.335 12845.488
36837.473 38888.395
4149.7354 4597.1357
1137.0112 2988.835
6203.9023 7822.195
35585.574 36266.44
39774.277 43189.27
4949.7583 5986.5586
6079.672 7737.4834
3393.356 4931.7935
23568.271 30062.447
8059.679 10337.428
11741.727 13366.021
2026.9741 3272.8574
2867.1194 4383.9395
11881.36 13260.002
2404.7344 3734.4116
2257.4753 3788.601
12815.447 14350.481
11163.569 12256.488
1632.5643 3586.107
18157.877 6069.0483
40720.55 35125.18
1842.519 3231.021
15518.182 16508.129
36950.26 39644.68
19749.383 12687.004
5152.134 5776.4424
5028.146 6340.4707
4830.6294 3254.3735
13405.391 14825.157
8116.681 8727.202
13012.209 14344.843
3392.977 4586.278
25081.768 3969.3037
2689.4956 3933.6938
24227.338 12845.115
7358.176 9617.807
14001.288 15921.124
4463.205 5600.662
17352.682 25170.672
7152.672 8106.0293
5354.075 7922.544
29523.166 32112.98
1832.0938 3419.9702
4040.558 6053.957
41097.16 40471.223
5400.981 5850.7515
9715.841 12256.777
9855.131 11505.701
22331.566 27896.36
48549.18 48673.055
9432.925 13081.097
14256.192 15485.412
47896.793 48722.145
25992.82 12316.223
7749.157 9596.158
8835.265 9755.222
4667.6074 6391.2295
11566.302 12661.624
6600.206 8268.162
42760.5 45268.367
13822.803 14850.837
4889.999 6097.6953
12404.88 5926.1074
1837.2819 3318.9136
13844.508 11590.893
3180.5098 4680.9897
13415.039 14761.761
7639.418 9846.437
1391.5288 3165.81
18033.969 23982.39
38126.246 39664.492
27000.984 14773.25
2138.0708 3487.8813
9290.14 10635.394
9411.005 11896.206
9264.798 10081.199
4185.0977 5410.994
4738.268 6127.555
1149.3958 2921.0742
28287.898 14269.614
7345.084 7337.2495
5910.944 6102.7256
7512.2676 8741.644
1969.6141 3508.084
4686.3877 6055.6523
21797.0 12552.995
7682.671 9392.27
35147.53 25905.889
1534.3044 3187.3735
15555.189 16884.096
1622.1887 3149.2656
1253.936 2926.067
48885.137 46400.508
24513.092 14427.657
2196.4734 4169.2007
17942.107 16257.778
2643.2686 4240.728
11455.28 12176.033
1256.2991 2895.2905
8413.464 9782.795
3857.7588 5685.387
3994.1777 4604.8667
8342.909 9830.6455
48675.52 49464.21
19214.705 5552.6733
5972.3784 6435.9927
8233.098 9578.073
23807.24 24549.541
3847.6743 5063.5083
8334.589 9804.694
3935.1807 5013.569
2494.0225 3656.87
2128.4314 3637.4106
6373.556 7554.936
4753.636 5603.9
12222.899 13533.347
6356.2695 7734.91
17626.24 5974.2734
3861.2095 6219.5684
8428.069 9852.689
15359.105 16012.237
7441.501 8326.249
11070.535 11890.369
25678.78 25687.938
4435.0938 6608.58
2207.6973 3932.766
6753.0386 9929.252
42969.85 46601.938
23306.547 24926.422
3659.3462 4547.285
11326.716 5282.123
42983.457 46930.805
8252.284 11268.412
8527.532 9901.679
26392.26 11545.502
1136.3992 2996.455
8703.456 9648.463
40003.336 39743.637
46200.984 48022.07
40103.89 42705.78
9863.472 10887.3
4766.022 5744.936
7729.6465 9564.175
3577.999 4055.7583
1984.4532 3764.3994
2457.502 3562.543
10848.135 12646.459
9875.681 11531.936
11264.542 12603.661
12979.359 13942.33
14007.224 15803.1045
40419.02 44771.973
3757.8447 4933.838
8556.907 8859.157
5428.728 7449.0884
14319.031 15298.511
27941.287 15905.284
12797.211 9344.778
6986.696 8435.452
9869.811 10800.812
1146.7964 2909.0928
24520.264 28897.63
6414.178 7421.003
5209.5786 7572.1763
2731.9119 4827.4775
21195.818 20715.746
7209.4917 9069.825
18310.742 25266.25
4719.5234 7189.977
11848.141 12437.785
14313.848 15576.294
1877.9292 3320.3384
7445.919 8095.185
2680.9495 4752.455
43813.863 42314.406
20773.627 26526.27
13393.757 14397.368
5266.3657 6746.099
12622.18 13829.889
12323.937 13027.964
5458.0464 7869.2437
13129.605 13689.7295
6849.025 7627.8804
6282.2354 7109.23
2585.8506 4705.8916
19719.695 26993.447
29330.98 31603.076
10422.917 11467.08
44202.652 46751.727
8688.859 10071.809
4661.286 6893.466
8125.7856 8880.45
15170.07 17032.62
13451.122 14627.831
13462.5205 14354.135
13470.806 14642.695
8965.796 8548.448
6358.776 7478.9336
11534.874 12383.622
47462.895 48246.73
38998.547 34538.086
26467.098 11882.598
8596.829 7280.051
16138.762 15536.1455
25517.115 12067.274
4500.339 6608.1714
16796.412 6193.2974
14571.892 15409.997
17361.766 15758.616
26018.951 4931.901
2020.1768 3039.54
13747.873 12478.245
12094.478 13840.911
37484.45 39545.035
39725.52 34702.74
3594.1704 5349.089
8023.136 9406.108
3353.4697 5063.823
17929.303 8120.3965
1981.582 3594.189
7045.4995 7743.08
8978.185 10225.046
10928.851 12299.347
13204.286 14731.862
15161.533 16478.643
8988.159 10274.002
41949.24 44544.61
9222.401 8669.627
36124.574 36559.266
18903.492 6116.096
8582.303 7756.931
7727.2544 9180.253
2154.3608 3257.0342
23887.662 23977.512
2632.992 3483.6362
37465.344 39503.188
13844.797 15007.3955
5327.4004 6966.7812
6198.7515 7923.4937
5116.5005 7019.9653
20296.863 22481.332
5373.3647 6791.65
5415.6616 6703.1587
4058.1157 5239.6387
20167.336 11901.905
49577.668 50458.684
4296.271 6302.4873
1135.9406 3002.2786
1633.9617 3030.9333
18648.422 29903.059
4415.158 5470.1777
30063.58 13571.03
34254.055 33231.492
8615.299 9878.556
14478.332 8286.7295
8283.682 9028.275
14283.461 14693.038
9301.894 10729.199
19496.719 9285.937
12981.347 14136.39
9377.905 10573.837
10600.548 11842.821
