14.504003 14.264782
3.935973 3.45246
12.940376 11.476997
2.9992855 2.9599247
3.1703897 3.6574013
6.833496 6.595563
0.91370094 2.0289633
3.6614864 2.9134624
13.884657 13.625912
7.827778 7.5769215
2.8939605 2.0815964
8.40228 8.701744
6.529537 6.4635506
3.1810458 3.573888
13.671737 13.8021555
13.564912 12.030767
12.79864 11.20468
6.6831713 7.3151045
4.242812 4.363472
4.200283 4.132228
13.802406 14.276928
1.7653573 1.2571063
3.7964566 3.4637554
2.7438123 2.7880905
9.67776 9.660586
3.5810006 3.321294
4.628277 4.4580965
13.253005 11.777687
4.199005 4.1830006
4.78613 4.8087683
9.918081 9.912977
3.858319 3.6763089
8.849894 9.631394
6.0827446 6.3212357
1.9965682 2.888233
2.8765416 3.6371276
10.909949 9.761404
12.07204 11.380835
3.098941 3.872184
7.5339127 7.541507
2.8934822 2.3652709
14.989832 14.278492
2.3891008 3.2401402
0.7058455 1.8882842
3.3913314 3.8582304
4.224784 4.202614
5.091078 4.9014053
6.5078363 6.474595
10.467222 10.926022
8.3918495 8.391519
12.350706 11.978972
3.3256686 3.7682116
5.932992 6.0435133
4.7724485 4.912635
14.538209 14.163834
12.579977 12.182122
2.9763107 3.55911
7.18635 6.799926
11.056836 11.93253
7.6782494 8.499484
9.988848 9.945131
7.8333845 7.897667
2.7709675 3.0850327
7.8326044 7.56421
9.911726 11.164834
13.239814 12.311685
3.6029856 4.1928625
3.9111464 3.558901
6.466345 6.5860777
4.1736116 4.296691
1.2046567 1.3856959
3.6759331 3.0171509
12.557365 11.076389
2.4921136 1.9211516
5.265484 5.3702145
4.2269287 4.1402054
1.2103314 2.4594407
8.988545 10.036019
1.7699006 2.832813
8.389161 9.284929
8.285366 8.766611
2.7284281 3.0097954
1.6216424 1.0424331
13.333153 13.787172
9.2343 8.4555435
1.0311531 2.118369
7.3380957 7.1949177
9.30991 8.9355135
4.6113214 4.349779
5.0161448 5.2398796
1.6737952 2.6928277
5.3138523 5.338153
4.22841 4.0856466
12.430805 12.079508
2.5995567 2.9075432
11.357709 12.297407
4.6617346 4.412735
11.5846405 10.894333
3.4190648 3.9362676
6.8396616 6.7943935
1.0091883 2.304551
8.630063 8.149184
1.9843807 1.7226803
2.6212497 2.2974133
14.056344 14.233652
4.6054688 4.0502825
12.656055 11.319439
8.943008 8.507882
2.7858632 2.7327228
1.9976995 2.6967905
1.0934086 1.32426
9.919856 11.156615
2.1888452 1.5937512
5.394313 5.4781694
2.9862208 3.7179239
8.44997 9.078848
12.102741 12.015384
14.128206 14.759065
7.450136 7.201934
7.268409 8.002978
5.9627647 6.284815
3.014095 2.03328
2.6535764 3.7215865
9.19044 9.924034
3.6098607 3.1140277
5.610361 5.672145
2.835329 3.5894082
6.26488 6.477071
3.3965924 3.4937866
10.42083 9.272789
5.106738 5.2651997
8.113371 8.306493
4.103099 3.6456578
6.365487 6.5549583
0.7153648 1.1002834
14.68275 13.386225
2.6749356 3.0545301
12.364585 12.78126
12.173885 12.776202
4.0497675 4.4816723
3.4089496 2.3414102
7.3877764 7.6662245
13.4897375 13.542642
4.5924425 4.546069
3.408285 3.2782753
5.7054167 5.833022
2.14967 2.547859
14.35488 14.69188
0.9827782 1.7137287
9.1310625 10.339539
5.369335 5.477768
2.7913575 2.4759407
3.7758543 3.8422759
4.3189945 4.001005
6.077093 6.471492
5.774726 5.791464
6.7318306 6.9689074
4.884096 4.661933
3.298268 2.4026577
5.4584293 5.633602
5.79286 5.9021397
0.51596296 1.7903097
9.0182495 8.364285
9.818643 9.3802805
3.2713082 3.1714787
3.3127635 2.7931669
4.342408 3.7287796
2.4479477 2.4526503
7.7275724 7.811926
11.1894045 10.473011
8.921397 8.495046
3.6249697 3.8137019
10.06619 8.780922
8.912594 8.891748
10.9374 11.753562
3.1280086 3.0234334
11.715692 11.65582
1.8400428 1.5261784
1.7098489 2.6600323
4.1791267 4.5358677
13.276343 12.277966
2.899003 3.6017606
2.8353832 2.88815
7.1000595 6.99644
9.37246 10.084796
8.825502 8.498823
11.662299 12.065978
7.909211 7.4516544
14.297897 14.324076
5.6535273 5.793866
4.1392326 4.361974
13.073728 12.652556
5.6722317 5.8234205
7.98444 7.639846
2.1811132 2.0170305
11.265913 11.234255
15.061568 14.035813
11.029824 9.633968
1.5807185 1.2472556
3.665128 3.3562825
