0.015441653
0.001971017
0.0013683528
0.0012481129
0.001211933
0.0011961282
0.0011864799
0.0011792328
0.0011732217
0.0011680103
0.0011633908
0.0011592456
0.0011554849
0.0011520451
0.0011488735
0.0011459234
0.0011431604
0.0011405521
0.0011380767
0.0011357106
0.0011334388
0.0011312446
0.0011291202
0.0011270505
0.0011250303
0.0011230519
0.001121109
0.0011191978
0.0011173137
0.0011154537
0.0011136156
0.0011117999
0.0011100022
0.0011082238
0.0011064644
0.0011047254
0.0011030077
0.0011013122
0.0010996386
0.0010979907
0.0010963683
0.0010947739
0.0010932061
0.0010916683
0.0010901588
0.0010886801
0.001087233
0.0010858156
0.0010844294
0.0010830746
0.0010817504
0.0010804551
0.0010791896
0.0010779536
0.0010767431
0.001075562
0.0010744038
0.0010732723
0.0010721632
0.0010710777
0.001070014
0.0010689714
0.0010679471
0.00106694
0.0010659513
0.001064979
0.0010640199
0.0010630777
0.0010621469
0.0010612267
0.0010603191
0.0010594215
0.001058533
0.0010576554
0.0010567846
0.0010559226
0.0010550676
0.0010542205
0.0010533789
0.0010525433
0.0010517135
0.0010508909
0.0010500742
0.0010492629
0.0010484568
0.0010476579
0.0010468639
0.0010460771
0.0010452948
0.0010445208
0.0010437524
0.001042992
0.0010422379
0.0010414915
0.001040752
0.0010400213
0.0010392976
0.0010385837
0.0010378766
0.0010371793
0.0010364888
0.0010358081
0.0010351362
0.0010344726
0.0010338182
0.0010331718
0.0010325366
0.0010319074
0.0010312876
0.0010306762
0.0010300736
0.0010294791
0.0010288929
0.0010283139
0.0010277431
0.0010271792
0.0010266226
0.001026074
0.0010255321
0.001024997
0.001024468
0.0010239469
0.0010234311
0.0010229218
0.0010224174
0.0010219199
0.0010214265
0.0010209386
0.0010204564
0.0010199785
0.001019506
0.0010190378
0.0010185746
0.0010181145
0.001017658
0.0010172074
0.0010167587
0.0010163146
0.0010158746
0.001015437
0.0010150025
0.0010145728
0.0010141457
0.0010137211
0.0010133003
0.0010128805
0.0010124659
0.0010120522
0.0010116401
0.0010112333
0.0010108261
0.0010104235
0.0010100221
0.0010096222
0.0010092258
0.001008831
0.0010084376
0.0010080474
0.0010076587
0.0010072717
0.0010068868
0.0010065031
0.0010061222
0.0010057426
0.0010053646
0.0010049882
0.0010046127
0.00100424
0.0010038678
0.0010034977
0.0010031299
0.0010027636
0.0010023981
0.0010020335
0.0010016713
0.0010013093
0.0010009505
0.001000593
0.0010002364
9.998815E-4
9.995268E-4
9.991748E-4
9.98825E-4
9.984758E-4
9.981268E-4
9.977807E-4
9.974354E-4
9.970912E-4
9.967493E-4
9.964089E-4
9.960685E-4
9.957296E-4
9.953934E-4
9.950589E-4
9.947242E-4
9.943917E-4
9.94061E-4
9.937306E-4
9.934026E-4
9.930755E-4
9.927506E-4
9.924273E-4
9.921043E-4
9.917844E-4
9.914647E-4
9.911461E-4
9.908297E-4
9.905148E-4
9.902028E-4
9.898901E-4
9.895794E-4
9.892697E-4
9.889631E-4
9.886582E-4
9.883535E-4
9.880516E-4
9.877505E-4
9.874512E-4
9.871523E-4
9.868564E-4
9.865619E-4
9.862697E-4
9.859778E-4
9.856877E-4
9.854008E-4
9.851136E-4
9.848294E-4
9.845463E-4
9.842644E-4
9.83985E-4
9.837067E-4
9.834297E-4
9.831558E-4
9.828823E-4
9.826107E-4
9.823405E-4
9.820736E-4
9.81807E-4
9.815424E-4
9.812792E-4
9.810182E-4
9.807593E-4
9.805012E-4
9.80244E-4
9.799915E-4
9.797376E-4
9.794869E-4
9.792377E-4
9.789906E-4
9.787446E-4
9.784999E-4
9.782579E-4
9.780169E-4
9.777768E-4
9.775407E-4
9.773044E-4
9.770701E-4
9.768372E-4
9.766065E-4
9.7637763E-4
9.7615E-4
9.7592466E-4
9.7570044E-4
9.7547774E-4
9.7525655E-4
9.750381E-4
9.748182E-4
9.7460253E-4
9.743882E-4
9.74176E-4
9.7396405E-4
9.737541E-4
9.7354606E-4
9.733387E-4
9.731329E-4
9.7293087E-4
9.727288E-4
9.725283E-4
9.7232877E-4
9.721309E-4
9.71935E-4
9.717406E-4
9.7154727E-4
9.7135647E-4
9.7116514E-4
9.7097585E-4
9.707888E-4
9.7060384E-4
9.7041874E-4
9.7023515E-4
9.700529E-4
9.698739E-4
9.696941E-4
9.695162E-4
9.693411E-4
9.691659E-4
9.6899166E-4
9.6882065E-4
9.68649E-4
9.684795E-4
9.683104E-4
9.681436E-4
9.6797815E-4
9.678129E-4
9.676505E-4
9.674892E-4
9.673277E-4
9.6716813E-4
9.6700946E-4
9.6685416E-4
9.6669694E-4
9.6654263E-4
9.663887E-4
9.662368E-4
9.6608564E-4
9.6593454E-4
9.6578576E-4
9.656378E-4
9.6549094E-4
9.653454E-4
9.652017E-4
9.6505857E-4
9.6491486E-4
9.6477347E-4
9.6463354E-4
9.644945E-4
9.6435554E-4
9.642195E-4
9.6408365E-4
9.639489E-4
9.638134E-4
9.636813E-4
9.635498E-4
9.6341706E-4
9.632872E-4
9.631582E-4
9.630304E-4
9.6290326E-4
9.627758E-4
9.626502E-4
9.6252555E-4
9.624025E-4
9.622801E-4
9.62157E-4
9.6203724E-4
9.61916E-4
9.6179656E-4
9.616789E-4
9.615618E-4
9.614447E-4
9.613279E-4
9.6121343E-4
9.610986E-4
9.6098566E-4
9.608721E-4
9.6076017E-4
9.6064864E-4
9.605392E-4
9.604296E-4
9.6032047E-4
9.602128E-4
9.6010463E-4
9.59997E-4
9.598928E-4
9.597867E-4
9.596826E-4
9.595783E-4
9.5947547E-4
9.5937273E-4
9.592719E-4
9.591697E-4
9.590704E-4
9.589699E-4
9.588701E-4
9.5877243E-4
9.5867383E-4
9.5857703E-4
9.584807E-4
9.583845E-4
9.582894E-4
9.581954E-4
9.5810095E-4
9.5800735E-4
9.57914E-4
9.5782155E-4
9.577299E-4
9.57639E-4
9.5754786E-4
9.5745764E-4
9.573687E-4
9.572798E-4
9.5719146E-4
9.571032E-4
9.570166E-4
9.569288E-4
9.568424E-4
9.5675624E-4
9.5667137E-4
9.56587E-4
9.5650175E-4
9.564191E-4
9.5633586E-4
9.56252E-4
9.5617113E-4
9.560872E-4
9.5600775E-4
9.55925E-4
9.5584407E-4
9.557651E-4
9.556855E-4
9.556058E-4
9.5552683E-4
9.554494E-4
9.553709E-4
9.5529325E-4
9.552163E-4
9.5514004E-4
9.550639E-4
9.549882E-4
9.549123E-4
9.548372E-4
9.547628E-4
9.546886E-4
9.546151E-4
9.545413E-4
9.5446786E-4
9.5439586E-4
9.5432304E-4
9.5425115E-4
9.541796E-4
9.5410965E-4
9.5403683E-4
9.539678E-4
9.538963E-4
9.538272E-4
9.537582E-4
9.536884E-4
9.536197E-4
9.535513E-4
9.5348316E-4
9.5341465E-4
9.533486E-4
9.532813E-4
9.5321354E-4
9.531479E-4
9.5308124E-4
9.5301546E-4
9.5295E-4
9.528846E-4
9.528192E-4
9.527534E-4
9.526897E-4
9.526251E-4
9.525624E-4
9.524993E-4
9.524359E-4
9.5237215E-4
9.523087E-4
9.522473E-4
9.521852E-4
9.521236E-4
9.520626E-4
9.520005E-4
9.5194037E-4
9.5187797E-4
9.518186E-4
9.517575E-4
9.5169723E-4
9.516376E-4
9.5157826E-4
9.515181E-4
9.5145934E-4
9.514014E-4
9.513421E-4
9.5128524E-4
9.5122546E-4
9.511685E-4
9.511108E-4
9.51053E-4
9.509962E-4
9.509389E-4
9.5088186E-4
9.5082616E-4
9.507699E-4
9.507144E-4
9.50657E-4
9.506025E-4
9.505459E-4
9.504915E-4
9.5043634E-4
9.5038174E-4
9.5032714E-4
9.502724E-4
9.502188E-4
9.5016503E-4
9.501103E-4
9.500571E-4
9.500032E-4
9.499504E-4
9.498968E-4
