0.050847802
0.04337513
0.042824864
0.04192862
0.03981111
0.033813015
0.01587616
0.0028502839
0.0023471005
0.0022990226
0.002249654
0.0022039432
0.0021582802
0.0021104752
0.0020593118
0.002004163
0.0019447701
0.001881198
0.0018138156
0.0017432504
0.0016703474
0.0015961345
0.0015217123
0.0014482005
0.0013766615
0.001308004
0.0012429904
0.0011821645
0.0011258941
0.0010743327
0.0010274875
9.852211E-4
9.472953E-4
9.1340696E-4
8.831965E-4
8.562971E-4
8.3232584E-4
8.109198E-4
7.9173484E-4
7.744532E-4
7.5878977E-4
7.444853E-4
7.3130993E-4
7.190667E-4
7.075765E-4
6.9669384E-4
6.8629096E-4
6.7625946E-4
6.665129E-4
6.569812E-4
6.476088E-4
6.3835713E-4
6.292074E-4
6.2014564E-4
6.111768E-4
6.023108E-4
5.935751E-4
5.849909E-4
5.765933E-4
5.684174E-4
5.60497E-4
5.528603E-4
5.4553396E-4
5.3853606E-4
5.31882E-4
5.2557705E-4
5.196229E-4
5.1401026E-4
5.087342E-4
5.037734E-4
4.991148E-4
4.947383E-4
4.9062114E-4
4.867411E-4
4.8307914E-4
4.7961168E-4
4.7632E-4
4.7318518E-4
4.7018984E-4
4.6731703E-4
4.6455217E-4
4.618844E-4
4.592977E-4
4.5678497E-4
4.5433384E-4
4.5193845E-4
4.4958814E-4
4.4727922E-4
4.4500487E-4
4.4276283E-4
4.4054096E-4
4.3834353E-4
4.3616144E-4
4.3399632E-4
4.31844E-4
4.2970225E-4
4.2757E-4
4.2544262E-4
4.2332438E-4
4.212093E-4
4.190983E-4
4.1699177E-4
4.1488477E-4
4.1278134E-4
4.1067903E-4
4.0857636E-4
4.064771E-4
4.0437697E-4
4.0227757E-4
4.0017755E-4
3.9807856E-4
3.9597927E-4
3.9387963E-4
3.9177897E-4
3.896785E-4
3.875785E-4
3.8547756E-4
3.8337437E-4
3.812729E-4
3.79169E-4
3.770619E-4
3.749563E-4
3.7284882E-4
3.7073743E-4
3.6862478E-4
3.6651047E-4
3.6439323E-4
3.622728E-4
3.601488E-4
3.580216E-4
3.5589034E-4
3.5375415E-4
3.51613E-4
3.4946727E-4
3.4731696E-4
3.4515976E-4
3.4299676E-4
3.4082742E-4
3.386524E-4
3.3646877E-4
3.3427693E-4
3.3207878E-4
3.2987248E-4
3.2765776E-4
3.2543574E-4
3.2320496E-4
3.2096513E-4
3.1871666E-4
3.164602E-4
3.1419404E-4
3.1192088E-4
3.0963667E-4
3.0734602E-4
3.0504627E-4
3.0273793E-4
3.0042257E-4
2.9809753E-4
2.957682E-4
2.934295E-4
2.910856E-4
2.887339E-4
2.86378E-4
2.840178E-4
2.8165002E-4
2.7928187E-4
2.769081E-4
2.7453044E-4
2.721524E-4
2.69771E-4
2.6739071E-4
2.6500813E-4
2.6262747E-4
2.6024724E-4
2.578702E-4
2.554926E-4
2.5312297E-4
2.5075508E-4
2.4839165E-4
2.46033E-4
2.4368298E-4
2.4133992E-4
2.3900317E-4
2.3667685E-4
2.3435925E-4
2.3205228E-4
2.2975623E-4
2.2747298E-4
2.2520071E-4
2.2294086E-4
2.2069718E-4
2.1846696E-4
2.1625275E-4
2.1405373E-4
2.118717E-4
2.0970624E-4
2.0755907E-4
2.0543045E-4
2.0332093E-4
2.0123138E-4
1.9916175E-4
1.9711372E-4
1.9508651E-4
1.9308127E-4
1.9109709E-4
1.89137E-4
1.8719805E-4
1.8528457E-4
1.8339446E-4
1.815282E-4
1.7968629E-4
1.7787011E-4
1.7607924E-4
1.7431297E-4
1.7257204E-4
1.708581E-4
1.6917045E-4
1.6750763E-4
1.6587145E-4
1.6426056E-4
1.6267745E-4
1.6112134E-4
1.5959093E-4
1.5808728E-4
1.5661244E-4
1.5516179E-4
1.537385E-4
1.5234163E-4
1.5097138E-4
1.4962831E-4
1.4831075E-4
1.470188E-4
1.4575421E-4
1.4451468E-4
1.4330003E-4
1.421128E-4
1.4094888E-4
1.398112E-4
1.3869825E-4
1.3761035E-4
1.3654551E-4
1.3550618E-4
1.3448916E-4
1.3349556E-4
1.3252659E-4
1.3157881E-4
1.30655E-4
1.2975272E-4
1.2887249E-4
1.2801237E-4
1.2717578E-4
1.2635945E-4
1.2556266E-4
1.2478641E-4
1.2402979E-4
1.2329292E-4
1.225752E-4
1.21875375E-4
1.2119452E-4
1.2053191E-4
1.1988676E-4
1.19257755E-4
1.18646574E-4
1.1805226E-4
1.1747383E-4
1.1691066E-4
1.16363044E-4
1.1583022E-4
1.1531273E-4
1.1480879E-4
1.1431841E-4
1.1384329E-4
1.1338088E-4
1.12931215E-4
1.1249378E-4
1.1206959E-4
1.1165714E-4
1.1125638E-4
1.1086622E-4
1.1048689E-4
1.1011964E-4
1.09762965E-4
1.0941493E-4
1.09077846E-4
1.0874976E-4
1.0843183E-4
1.08121916E-4
1.07822045E-4
1.0752936E-4
1.0724617E-4
1.0697014E-4
1.0670241E-4
1.0644153E-4
1.0618865E-4
1.0594344E-4
1.0570441E-4
1.0547152E-4
1.0524629E-4
1.05025836E-4
1.0481335E-4
1.04605446E-4
1.044033E-4
1.0420707E-4
1.04016995E-4
1.0383028E-4
1.0364947E-4
1.03473925E-4
1.0330216E-4
1.0313534E-4
1.0297276E-4
1.02814396E-4
1.0266059E-4
1.0251097E-4
1.0236372E-4
1.0222087E-4
1.0208226E-4
1.0194707E-4
1.01814665E-4
1.0168566E-4
1.015598E-4
1.0143659E-4
1.01317295E-4
1.0120063E-4
1.0108584E-4
1.00973935E-4
1.0086439E-4
1.0075828E-4
1.0065361E-4
1.00551784E-4
1.0045114E-4
1.0035336E-4
1.00258134E-4
1.0016416E-4
1.00072444E-4
9.998217E-5
9.989426E-5
9.9808734E-5
9.972386E-5
9.964071E-5
9.955879E-5
9.947931E-5
9.940043E-5
9.93241E-5
9.9248304E-5
9.917363E-5
9.910057E-5
9.90289E-5
9.895841E-5
9.8889264E-5
9.882066E-5
9.875303E-5
9.8687015E-5
9.862225E-5
9.855791E-5
9.849455E-5
9.84318E-5
9.836986E-5
9.8310185E-5
9.8250435E-5
9.819062E-5
9.8133394E-5
9.807501E-5
9.801911E-5
9.79632E-5
9.790775E-5
9.7853546E-5
9.7799195E-5
9.774524E-5
9.769303E-5
9.764059E-5
9.7588316E-5
9.753726E-5
9.748715E-5
9.7437616E-5
9.738746E-5
9.733887E-5
9.7290205E-5
9.7241806E-5
9.7194476E-5
9.714632E-5
9.710085E-5
9.70537E-5
9.700734E-5
9.696236E-5
9.6916745E-5
9.687193E-5
9.682669E-5
9.678301E-5
9.673919E-5
9.669558E-5
9.6652504E-5
9.660941E-5
9.6567055E-5
9.6525364E-5
9.64833E-5
9.644137E-5
9.639939E-5
9.635892E-5
9.6318225E-5
9.627667E-5
9.6235926E-5
9.6196134E-5
9.615661E-5
9.6117146E-5
9.607788E-5
9.603827E-5
9.599885E-5
9.595953E-5
9.592148E-5
9.588347E-5
9.584486E-5
9.580705E-5
9.5769814E-5
9.5730844E-5
9.569423E-5
9.5657546E-5
9.561947E-5
9.558224E-5
9.55458E-5
9.550937E-5
9.547329E-5
9.543662E-5
9.540092E-5
9.536437E-5
9.5328665E-5
9.529302E-5
9.525774E-5
9.5222116E-5
9.518689E-5
9.515151E-5
9.511676E-5
9.5081836E-5
9.5047464E-5
9.5012656E-5
9.49782E-5
9.4943905E-5
9.490919E-5
9.4875286E-5
9.484117E-5
9.4807765E-5
9.477378E-5
9.4740215E-5
9.4707844E-5
9.467366E-5
9.463942E-5
9.460589E-5
9.457359E-5
9.4540475E-5
9.450742E-5
9.447517E-5
9.444225E-5
9.440941E-5
9.4376905E-5
9.434496E-5
9.4312E-5
9.4279945E-5
9.4247785E-5
9.421589E-5
9.418363E-5
9.415225E-5
9.412007E-5
9.408888E-5
9.405749E-5
9.402575E-5
9.399417E-5
9.3962204E-5
9.393162E-5
9.3900664E-5
9.3869116E-5
9.38386E-5
9.3807E-5
9.377667E-5
9.374553E-5
9.371402E-5
9.368454E-5
9.365357E-5
9.3623756E-5
9.359231E-5
9.356252E-5
9.353209E-5
9.3501825E-5
9.347164E-5
9.344172E-5
9.341112E-5
9.338139E-5
9.335207E-5
9.3322036E-5
9.329294E-5
9.326285E-5
9.323298E-5
9.3203686E-5
9.3174436E-5
9.314494E-5
9.311597E-5
9.308657E-5
9.3057046E-5
9.302768E-5
9.299839E-5
9.29701E-5
9.294118E-5
9.291252E-5
