3897.8604 3884.4536
1849.71 1832.2097
6682.03 6707.975
2863.83 2849.2046
5497.43 5495.8384
4346.19 4344.382
2120.8 2089.1487
1851.07 1871.8258
3065.9897 3143.6245
5727.9194 5792.481
4265.8 4306.0166
3124.13 3120.1821
3422.1797 3381.971
4899.3896 4872.609
5356.86 5334.7207
7261.37 7161.466
4147.68 4147.176
3698.29 3709.3877
1935.13 1895.9335
4509.67 4498.722
5708.99 5697.036
2024.05 2012.8159
3981.7402 4021.3867
6171.2207 6206.255
4427.36 4421.507
2117.9 2074.0957
2692.87 2678.613
3237.11 3270.789
3558.33 3513.4443
2327.54 2309.9119
4063.35 4050.5532
3838.0903 3885.8809
6098.9 6177.6543
3432.48 3395.8384
2042.3601 2079.8062
2841.89 2785.319
4572.62 4574.7285
4384.97 4382.9727
6297.7603 6388.632
2589.43 2564.9414
2569.3901 2558.9187
4192.01 4156.442
3692.94 3707.7227
2081.66 2145.7258
4591.21 4827.1045
2590.7002 2587.7986
4102.62 4140.6357
2865.92 2873.5103
3090.9602 3057.7026
4096.06 4041.499
1938.47 1955.8818
4801.54 4775.529
3299.9302 3278.4421
3670.9902 3672.8232
3743.56 3716.2803
3128.97 3132.3396
1776.96 1805.6138
5153.46 5237.435
5016.0293 4959.7207
3618.87 3639.231
5632.1294 5661.0903
5283.2197 5244.381
2337.68 2282.9998
6451.24 6543.949
4806.83 4778.8086
4450.58 4457.95
2893.5303 2893.1543
